100 39
5 5 5 5 5 6 6 6 6 6 6 6 6 6 6 6 6 6 6 6 5 5 5 5 5 5 5 5 5 5 5 5 5 5 5 5 5 5 5 5 5 5 5 5 5 5 5 5 5 5 5 5 5 5 5 5 5 5 5 5 5 5 5 5 5 5 5 5 5 5 5 5 5 5 5 5 5 5 5 5 5 5 5 5 5 5 5 5 5 5 5 5 5 5 5 5 5 5 5 5
5 5 5 5 5 5 6 6 6 6 6 6 6 6 6 6 6 6 6 5 5 5 5 5 5 5 5 5 5 5 5 5 5 5 5 5 5 5 5 5 5 5 5 5 5 5 5 5 5 5 5 5 5 5 5 5 5 5 5 5 5 5 5 5 5 5 5 5 5 5 5 5 5 5 5 5 5 5 5 5 5 5 5 5 5 5 5 5 5 5 5 5 5 5 5 5 5 5 5 5
5 5 5 5 5 5 6 6 6 6 6 6 6 6 6 6 6 6 6 5 5 5 5 5 5 5 5 5 5 5 5 5 5 5 5 5 5 5 5 5 5 5 5 5 5 5 5 5 5 5 5 5 5 5 5 5 5 5 5 5 5 5 5 5 5 5 5 5 5 5 5 5 5 5 5 5 5 5 5 5 5 5 5 5 5 5 5 5 5 5 5 5 5 5 5 5 5 5 5 5
5 5 5 5 5 5 5 6 6 6 6 6 6 6 6 6 6 6 5 5 5 5 5 5 5 5 5 5 5 5 5 5 5 5 5 5 5 5 5 5 5 5 5 5 5 5 5 5 5 5 5 5 5 5 5 5 5 5 5 5 5 5 5 5 5 5 5 5 5 5 5 5 5 5 5 5 5 5 5 5 5 5 5 5 5 5 5 5 5 5 5 5 5 5 5 5 5 5 5 5
5 5 5 5 5 5 5 5 6 6 6 6 6 6 6 6 6 5 5 5 5 5 5 5 5 5 5 5 5 5 5 5 5 5 5 5 5 5 5 5 5 5 5 5 5 5 5 5 5 5 5 5 5 5 5 5 5 5 5 5 5 5 5 5 5 5 5 5 9 9 9 9 9 9 5 5 5 5 5 5 5 5 5 5 5 5 5 5 5 5 5 5 5 5 5 5 5 5 5 5
5 5 5 5 5 5 5 5 5 6 6 6 6 6 6 6 5 5 5 9 9 9 9 9 9 5 5 5 5 5 5 5 5 5 5 5 5 5 5 5 5 5 9 9 5 5 5 5 5 5 5 5 3 3 3 3 5 5 5 5 5 5 5 5 5 5 5 5 9 9 9 9 9 9 5 5 5 5 5 5 5 5 5 5 5 5 5 5 5 5 5 5 5 5 5 5 5 5 5 5
5 5 5 5 5 5 5 5 5 5 6 6 6 6 6 5 5 5 5 9 9 9 9 9 9 5 5 5 5 5 5 5 5 5 5 5 5 5 5 5 5 9 9 9 5 5 5 5 5 5 5 5 3 3 6 3 5 5 5 5 5 5 5 5 5 5 5 5 9 1 1 1 1 9 5 5 5 5 5 5 5 5 5 5 5 5 5 5 5 5 5 5 5 5 5 5 5 3 3 3
5 5 5 5 5 5 5 5 5 5 5 5 5 5 5 5 5 5 5 9 1 1 1 1 9 5 5 5 5 5 5 5 5 5 5 5 5 5 5 5 9 9 9 9 5 5 5 5 5 5 5 5 3 3 3 3 5 5 5 5 5 5 5 5 5 5 5 5 9 9 9 9 9 9 5 5 5 5 5 5 5 5 5 5 9 5 5 5 5 5 5 5 5 5 5 5 3 3 3 3
9 9 9 9 5 5 5 5 5 5 5 5 5 5 5 5 5 5 5 9 9 9 9 9 9 5 5 5 5 5 5 5 5 5 5 5 5 5 5 9 9 1 1 9 5 5 5 5 5 5 5 5 3 3 6 3 5 5 5 5 5 5 5 5 5 5 5 5 9 1 1 1 9 9 5 5 5 5 5 5 5 5 5 5 9 5 5 5 5 5 5 5 5 5 5 3 3 3 3 3
9 9 1 9 5 5 5 5 5 5 5 5 5 5 5 5 5 5 5 9 9 9 9 9 9 5 5 5 5 5 5 5 5 5 5 5 5 5 9 9 9 9 9 9 5 5 5 5 5 5 5 5 3 3 3 3 5 5 5 5 5 5 5 5 5 5 5 5 9 9 9 9 3 3 5 5 5 5 5 5 5 5 5 5 9 5 5 5 5 5 5 5 5 5 5 3 3 6 6 6
9 9 9 9 5 5 5 5 5 5 5 5 5 5 5 5 5 5 5 9 1 1 1 1 9 5 5 5 5 5 5 5 5 5 5 5 5 9 9 1 1 1 1 9 5 5 5 5 5 5 5 5 3 3 6 3 5 5 5 5 5 5 5 3 3 3 5 5 9 9 9 3 3 3 3 5 5 5 5 5 5 5 5 9 9 9 5 5 5 3 3 3 3 5 5 3 3 3 3 3
9 9 1 9 5 5 5 5 5 5 5 5 5 5 5 5 5 5 5 9 9 9 9 9 9 5 5 5 5 5 9 9 9 9 5 5 5 9 9 9 9 9 9 9 5 5 5 5 5 5 5 5 3 3 3 3 5 5 5 5 5 5 5 3 3 3 5 5 9 9 3 3 3 3 3 3 5 5 5 5 5 5 9 9 9 9 9 5 5 3 6 3 3 5 5 3 3 6 6 6
9 9 9 9 5 5 5 5 5 5 5 5 5 5 5 5 5 5 5 9 9 9 9 9 9 5 5 5 5 5 9 1 9 1 5 5 5 9 9 1 1 1 1 9 5 5 5 5 5 5 9 9 3 3 6 3 9 5 5 5 5 5 3 3 3 3 3 5 9 3 3 3 3 3 3 3 3 5 5 5 5 5 9 1 9 1 9 5 5 3 3 3 3 5 5 3 3 3 3 3
9 9 1 9 5 5 5 5 5 5 5 5 3 5 5 5 5 3 3 3 3 3 9 9 9 5 5 5 5 5 9 9 9 9 5 5 5 9 9 9 9 9 9 9 5 5 5 5 5 5 9 9 3 3 3 3 9 5 5 5 5 5 3 6 3 6 3 5 9 3 3 6 6 6 6 3 3 9 5 5 5 5 9 9 9 9 9 5 5 3 6 3 3 5 5 3 3 6 6 6
9 9 9 9 5 9 9 9 9 9 5 3 3 9 9 9 5 3 6 3 6 3 9 9 9 5 5 5 5 5 9 1 9 1 9 9 9 9 9 9 9 9 9 9 9 9 9 9 9 5 9 9 3 3 6 3 9 9 9 9 9 5 3 3 3 3 3 5 9 3 3 3 3 3 3 3 3 9 5 5 5 5 9 1 9 1 9 5 5 3 3 3 3 3 3 3 3 3 3 3
9 9 1 9 5 9 9 9 9 9 3 3 3 9 9 9 5 3 3 3 3 3 9 9 9 5 5 5 5 5 9 9 9 9 9 9 9 9 9 9 9 9 9 9 9 1 9 1 9 5 9 9 3 3 3 3 9 1 1 1 9 5 3 6 3 6 3 5 9 3 3 3 3 3 3 3 3 9 5 5 5 5 9 9 9 9 9 9 9 3 6 3 3 3 3 3 3 3 3 3
9 9 9 9 5 9 9 9 9 3 3 6 3 9 9 9 5 3 6 3 6 3 9 9 9 5 5 5 5 5 9 1 9 9 3 3 3 3 9 9 9 9 9 9 9 9 9 9 9 5 9 9 3 3 6 3 3 3 3 3 9 5 3 3 3 3 3 9 9 3 3 6 6 6 6 3 3 9 9 9 9 9 9 9 9 9 9 9 9 3 3 3 3 3 3 3 3 3 3 3
9 9 9 3 3 3 3 3 9 3 3 3 3 9 9 9 5 3 3 3 3 3 9 9 9 9 9 9 9 9 9 9 9 3 3 3 3 3 3 9 9 9 9 9 9 9 9 9 9 9 9 9 3 3 3 3 3 3 3 3 9 9 3 6 3 6 3 3 3 3 3 3 3 3 3 3 3 9 9 9 3 3 3 3 3 3 3 3 9 3 6 3 3 3 3 3 3 3 3 3
9 9 9 3 3 3 3 3 9 3 3 6 3 9 9 9 5 3 6 3 6 3 9 3 3 3 3 9 9 9 9 9 3 3 3 3 3 3 3 3 9 9 9 9 9 9 3 3 3 3 3 9 3 3 3 3 6 6 6 3 9 9 3 3 3 3 3 3 3 3 3 3 3 3 3 3 3 9 9 9 3 6 3 6 3 3 3 3 9 3 3 3 3 3 3 3 3 3 3 3
3 3 3 3 6 6 6 3 9 3 3 3 3 3 3 9 5 3 3 3 3 3 9 3 6 6 3 9 9 9 9 3 3 3 6 6 6 6 3 3 3 9 9 9 9 9 3 6 3 6 3 9 3 3 3 3 3 3 3 3 9 9 3 3 3 3 3 3 3 3 3 3 3 3 3 3 3 9 9 9 3 3 3 3 3 3 3 3 9 3 3 3 3 3 3 3 3 3 3 3
3 3 3 3 3 3 3 3 3 3 3 3 3 3 3 3 3 3 3 3 3 3 9 3 3 3 3 9 9 9 9 3 3 3 3 3 3 3 3 3 3 9 9 9 9 9 3 3 3 3 3 9 3 3 3 3 3 3 3 3 3 3 3 3 3 3 3 3 3 3 3 3 3 3 3 3 3 9 9 9 3 6 3 6 3 3 3 3 3 3 3 3 3 3 3 3 3 3 3 3
3 3 3 3 3 3 3 3 3 3 3 3 3 3 3 3 3 3 3 3 3 3 3 3 6 6 3 9 9 9 9 3 3 6 6 6 6 6 6 3 3 9 9 9 9 9 3 6 3 6 3 9 3 3 3 3 3 3 3 3 3 3 3 3 3 3 3 3 3 3 3 3 3 3 3 3 3 3 3 3 3 3 3 3 3 3 3 3 3 3 3 3 3 3 3 3 3 3 3 3
3 3 3 3 3 3 3 3 3 3 3 3 3 3 3 3 3 3 3 3 3 3 3 3 3 3 3 3 3 3 3 3 3 3 3 3 3 3 3 3 3 3 3 3 3 3 3 3 3 3 3 3 3 3 3 3 3 3 3 3 3 3 3 3 3 3 3 3 3 3 3 3 3 3 3 3 3 3 3 3 3 3 3 3 3 3 3 3 3 3 3 3 3 3 3 3 3 3 3 3
3 3 3 3 3 3 3 3 3 3 3 3 3 3 3 3 3 3 3 3 3 3 3 3 3 3 3 3 3 3 3 3 3 3 3 3 3 3 3 3 3 3 3 3 3 3 3 3 3 3 3 3 3 3 3 3 3 3 3 3 3 3 3 3 3 3 3 3 3 3 3 3 3 3 3 3 3 3 3 3 3 3 3 3 3 3 3 3 3 3 3 3 3 3 3 3 3 3 3 3
3 3 3 3 3 3 3 3 3 3 3 3 3 3 3 3 3 3 3 3 3 3 3 3 3 3 3 3 3 3 3 3 3 3 3 3 3 3 3 3 3 3 3 3 3 3 3 3 3 3 3 3 3 3 3 3 3 3 3 3 3 3 3 3 3 3 3 3 3 3 3 3 3 3 3 3 3 3 3 3 3 3 3 3 3 3 3 3 3 3 3 3 3 3 3 3 3 3 3 3
