3 3 3 3 3 3 3 3 3 3 3 3 3 3 3 3 3 3 3 3 3 3 3 3 3 3 3 3 3 3 3 3 3 3 3 3 3 3 3 3 3 3 3 3 3 3 3 3 3 3 3 3 3 3 3 3 3 3 3 3 3 3 3 3 3 3 3 3 3 3 3 3 3 3 3 3 3 3 3 3 3 3 3 3 3 3 3 3 3 3 3 3 3 3 3 3 3 3 3 3
3 3 3 3 3 3 3 3 3 3 3 3 3 3 3 3 3 3 3 3 3 3 3 3 3 3 3 3 3 3 3 3 3 3 3 3 3 3 3 3 3 3 3 3 3 3 3 3 3 3 3 3 3 3 3 3 3 3 3 3 3 3 3 3 3 3 3 3 3 3 3 3 3 3 3 3 3 3 3 3 3 3 3 3 3 3 3 3 3 3 3 3 3 3 3 3 3 3 3 3
3 3 3 3 3 3 3 3 3 3 3 3 3 3 3 3 3 9 9 3 3 3 3 3 3 3 3 3 3 3 3 3 3 3 3 3 3 3 3 3 3 3 3 3 3 3 3 9 9 9 9 9 9 9 9 9 9 9 9 9 9 9 9 9 9 9 9 9 9 9 9 3 3 3 3 3 3 3 3 3 3 3 3 3 3 3 3 3 3 3 3 3 3 3 3 3 3 3 3 3
3 3 3 3 3 3 3 9 9 9 9 9 9 9 9 9 9 9 9 9 9 9 9 3 3 3 3 3 3 3 3 3 3 3 3 3 3 3 3 3 3 3 3 3 9 9 9 9 9 9 9 9 9 9 9 9 9 9 9 9 9 9 9 9 9 9 9 9 9 9 9 9 9 9 9 9 9 9 3 3 3 3 3 3 3 3 3 3 3 3 3 3 3 3 3 3 3 3 9 9
3 3 3 3 3 9 9 9 9 3 9 9 9 9 9 9 9 9 9 9 9 9 9 9 9 9 9 9 3 3 3 3 3 3 3 3 3 3 3 3 9 9 9 9 9 9 9 9 9 9 9 9 9 9 9 9 9 9 3 9 9 9 9 9 9 9 9 9 5 5 5 5 5 5 9 9 9 9 9 9 9 9 9 9 9 9 9 9 9 9 9 9 9 9 9 9 9 9 9 9
9 9 9 9 9 9 9 9 9 9 9 9 9 3 9 9 9 9 9 5 5 5 5 5 5 9 9 9 9 9 9 9 9 9 9 9 9 9 9 9 9 9 5 5 9 9 9 9 3 9 9 9 3 3 3 3 9 9 9 9 9 9 9 9 9 9 9 9 5 5 5 5 5 5 9 9 9 9 9 9 9 9 9 9 9 9 9 9 9 9 9 9 9 9 9 9 9 9 9 9
9 9 9 9 9 9 9 9 9 9 9 9 9 9 9 9 9 9 9 5 5 5 5 5 5 9 9 9 9 9 9 9 9 9 9 9 9 9 9 9 9 5 5 5 9 9 9 9 9 9 9 9 3 3 3 3 9 9 9 9 9 9 9 9 9 9 9 9 5 1 1 1 1 5 9 9 9 9 9 9 9 9 9 3 9 9 9 9 9 9 3 9 9 9 9 9 9 3 3 3
9 9 9 9 9 9 3 9 9 9 9 9 9 9 9 9 9 9 9 5 1 1 1 1 5 9 9 9 3 9 9 9 9 9 9 9 9 9 9 9 5 5 5 5 9 9 9 9 9 9 9 9 3 3 3 3 9 9 9 3 9 9 9 9 9 3 9 9 5 5 5 5 5 5 9 9 9 9 9 9 9 9 9 9 5 9 9 9 9 9 9 9 3 9 9 9 3 3 3 3
5 5 5 5 9 9 9 9 9 9 9 3 9 9 9 9 9 3 9 5 5 5 5 5 5 9 9 9 9 9 9 9 9 9 9 9 9 9 9 5 5 1 1 5 9 9 9 9 9 9 9 9 3 3 3 3 9 9 9 9 9 9 9 9 9 9 9 9 5 1 1 1 5 5 9 9 9 9 3 9 9 9 9 9 5 9 9 9 9 9 9 9 9 9 9 3 3 3 3 3
5 5 1 5 9 9 9 9 9 9 9 9 9 9 9 9 9 9 9 5 5 5 5 5 5 9 9 9 9 9 9 9 9 9 3 9 9 9 5 5 5 5 5 5 9 9 9 9 3 9 9 9 3 3 3 3 9 9 9 9 9 9 9 9 9 9 9 9 5 5 5 5 3 3 9 9 9 9 9 9 9 9 9 9 5 9 9 9 9 9 9 9 9 9 9 3 3 3 3 3
5 5 5 5 9 9 3 9 9 9 9 9 9 9 9 9 9 9 9 5 1 1 1 1 5 9 9 3 9 9 9 9 9 9 9 9 9 5 5 1 1 1 1 5 9 9 3 9 9 9 9 9 3 3 3 3 9 9 9 9 9 3 9 3 3 3 9 9 5 5 5 3 3 3 3 9 9 9 9 9 9 9 9 5 5 5 9 9 9 3 3 3 3 9 9 3 3 3 3 3
5 5 1 5 9 9 9 9 9 9 9 9 3 9 9 9 9 9 9 5 5 5 5 5 5 9 9 9 9 9 5 5 5 5 9 3 9 5 5 5 5 5 5 5 9 9 9 9 9 9 9 9 3 3 3 3 9 9 9 9 9 9 9 3 3 3 9 9 5 5 3 3 3 3 3 3 9 9 9 3 9 9 5 5 5 5 5 9 9 3 3 3 3 9 9 3 3 3 3 3
5 5 5 5 9 9 9 9 9 9 9 9 9 9 9 9 9 9 9 5 5 5 5 5 5 9 9 9 9 9 5 1 5 1 9 9 9 5 5 1 1 1 1 5 9 9 9 9 9 9 5 5 3 3 3 3 5 9 9 9 9 9 3 3 3 3 3 9 5 3 3 3 3 3 3 3 3 9 9 9 9 9 5 1 5 1 5 9 9 3 3 3 3 9 9 3 3 3 3 3
5 5 1 5 9 9 9 9 9 9 9 9 3 9 9 9 9 3 3 3 3 3 5 5 5 9 9 9 9 9 5 5 5 5 9 9 9 5 5 5 5 5 5 5 9 9 9 9 9 9 5 5 3 3 3 3 5 9 9 9 9 9 3 3 3 3 3 9 5 3 3 3 3 3 3 3 3 5 9 9 9 9 5 5 5 5 5 9 9 3 3 3 3 9 9 3 3 3 3 3
5 5 5 5 9 5 5 5 5 5 9 3 3 5 5 5 9 3 3 3 3 3 5 5 5 9 9 9 9 9 5 1 5 1 5 5 5 5 5 5 5 5 5 5 5 5 5 5 5 9 5 5 3 3 3 3 5 5 5 5 5 9 3 3 3 3 3 9 5 3 3 3 3 3 3 3 3 5 9 9 9 9 5 1 5 1 5 9 9 3 3 3 3 3 3 3 3 3 3 3
5 5 1 5 9 5 5 5 5 5 3 3 3 5 5 5 9 3 3 3 3 3 5 5 5 9 9 9 9 9 5 5 5 5 5 5 5 5 5 5 5 5 5 5 5 1 5 1 5 9 5 5 3 3 3 3 5 1 1 1 5 9 3 3 3 3 3 9 5 3 3 3 3 3 3 3 3 5 9 9 9 9 5 5 5 5 5 5 5 3 3 3 3 3 3 3 3 3 3 3
5 5 5 5 9 5 5 5 5 3 3 3 3 5 5 5 9 3 3 3 3 3 5 5 5 9 9 9 9 9 5 1 5 5 3 3 3 3 5 5 5 5 5 5 5 5 5 5 5 9 5 5 3 3 3 3 3 3 3 3 5 9 3 3 3 3 3 5 5 3 3 3 3 3 3 3 3 5 5 5 5 5 5 5 5 5 5 5 5 3 3 3 3 3 3 3 3 3 3 3
5 5 5 3 3 3 3 3 5 3 3 3 3 5 5 5 9 3 3 3 3 3 5 5 5 5 5 5 5 5 5 5 5 3 3 3 3 3 3 5 5 5 5 5 5 5 5 5 5 5 5 5 3 3 3 3 3 3 3 3 5 5 3 3 3 3 3 3 3 3 3 3 3 3 3 3 3 5 5 5 3 3 3 3 3 3 3 3 5 3 3 3 3 3 3 3 3 3 3 3
5 5 5 3 3 3 3 3 5 3 3 3 3 5 5 5 9 3 3 3 3 3 5 3 3 3 3 5 5 5 5 5 3 3 3 3 3 3 3 3 5 5 5 5 5 5 3 3 3 3 3 5 3 3 3 3 3 3 3 3 5 5 3 3 3 3 3 3 3 3 3 3 3 3 3 3 3 5 5 5 3 3 3 3 3 3 3 3 5 3 3 3 3 3 3 3 3 3 3 3
3 3 3 3 3 3 3 3 5 3 3 3 3 3 3 5 9 3 3 3 3 3 5 3 3 3 3 5 5 5 5 3 3 3 3 3 3 3 3 3 3 5 5 5 5 5 3 3 3 3 3 5 3 3 3 3 3 3 3 3 5 5 3 3 3 3 3 3 3 3 3 3 3 3 3 3 3 5 5 5 3 3 3 3 3 3 3 3 5 3 3 3 3 3 3 3 3 3 3 3
3 3 3 3 3 3 3 3 3 3 3 3 3 3 3 3 3 3 3 3 3 3 5 3 3 3 3 5 5 5 5 3 3 3 3 3 3 3 3 3 3 5 5 5 5 5 3 3 3 3 3 5 3 3 3 3 3 3 3 3 3 3 3 3 3 3 3 3 3 3 3 3 3 3 3 3 3 5 5 5 3 3 3 3 3 3 3 3 3 3 3 3 3 3 3 3 3 3 3 3
3 3 3 3 3 3 3 3 3 3 3 3 3 3 3 3 3 3 3 3 3 3 3 3 3 3 3 5 5 5 5 3 3 3 3 3 3 3 3 3 3 5 5 5 5 5 3 3 3 3 3 5 3 3 3 3 3 3 3 3 3 3 3 3 3 3 3 3 3 3 3 3 3 3 3 3 3 3 3 3 3 3 3 3 3 3 3 3 3 3 3 3 3 3 3 3 3 3 3 3
3 3 3 3 3 3 3 3 3 3 3 3 3 3 3 3 3 3 3 3 3 3 3 3 3 3 3 3 3 3 3 3 3 3 3 3 3 3 3 3 3 3 3 3 3 3 3 3 3 3 3 3 3 3 3 3 3 3 3 3 3 3 3 3 3 3 3 3 3 3 3 3 3 3 3 3 3 3 3 3 3 3 3 3 3 3 3 3 3 3 3 3 3 3 3 3 3 3 3 3
3 3 3 3 3 3 3 3 3 3 3 3 3 3 3 3 3 3 3 3 3 3 3 3 3 3 3 3 3 3 3 3 3 3 3 3 3 3 3 3 3 3 3 3 3 3 3 3 3 3 3 3 3 3 3 3 3 3 3 3 3 3 3 3 3 3 3 3 3 3 3 3 3 3 3 3 3 3 3 3 3 3 3 3 3 3 3 3 3 3 3 3 3 3 3 3 3 3 3 3
3 3 3 3 3 3 3 3 3 3 3 3 3 3 3 3 3 3 3 3 3 3 3 3 3 3 3 3 3 3 3 3 3 3 3 3 3 3 3 3 3 3 3 3 3 3 3 3 3 3 3 3 3 3 3 3 3 3 3 3 3 3 3 3 3 3 3 3 3 3 3 3 3 3 3 3 3 3 3 3 3 3 3 3 3 3 3 3 3 3 3 3 3 3 3 3 3 3 3 3
